41.46 1.00 0.00
41.60 1.00 0.00
48.86 1.00 0.00
52.43 2.00 0.00
80.53 1.00 0.00
80.90 2.00 0.00
88.54 2.00 0.00
92.28 2.00 0.00
92.31 2.00 0.00
129.21 2.00 0.00
137.17 2.00 0.00
139.36 2.00 0.00
146.71 2.00 0.00
195.66 1.00 0.00
207.34 1.00 0.00
212.19 1.00 0.00
224.06 1.00 0.00
247.38 2.00 0.00
276.45 1.00 0.00
292.49 1.00 0.00
302.12 2.00 0.00
374.04 2.00 0.00
387.03 2.00 0.00
401.15 2.00 0.00
436.08 1.00 0.00
468.26 2.00 0.00
479.25 1.00 0.00
503.48 1.00 0.00
514.14 2.00 0.00
515.74 2.00 0.00
515.88 2.00 0.00
600.08 1.00 0.00
649.92 2.00 0.00
662.98 1.00 0.00
710.01 1.00 0.00
716.34 1.00 0.00
724.90 2.00 0.00
763.80 1.00 0.00
770.99 2.00 0.00
781.30 2.00 0.00
785.76 2.00 0.00
791.20 2.00 0.00
813.44 1.00 0.00
823.90 1.00 0.00
830.38 1.00 0.00
831.05 1.00 0.00
861.33 1.00 0.00
912.19 1.00 0.00
922.14 1.00 0.00
994.39 1.00 0.00
1014.39 1.00 0.00
1017.66 1.00 0.00
1068.76 2.00 0.00
1106.31 1.00 0.00
1123.96 1.00 0.00
1129.57 2.00 0.00
1138.28 2.00 0.00
1141.55 2.00 0.00
1146.06 1.00 0.00
1161.70 1.00 0.00
1181.74 1.00 0.00
1181.79 1.00 0.00
1198.62 2.00 0.00
1221.67 2.00 0.00
1224.52 2.00 0.00
1287.73 1.00 0.00
1440.28 1.00 0.00
1471.09 1.00 0.00
1471.38 1.00 0.00
1485.59 1.00 0.00
1489.42 1.00 0.00
1535.82 2.00 0.00
1537.32 1.00 0.00
1555.45 2.00 0.00
1613.89 1.00 0.00
1663.64 1.00 0.00
1673.70 1.00 0.00
1677.29 1.00 0.00
1686.16 1.00 0.00
1695.83 1.00 0.00
1702.78 2.00 0.00
1703.36 2.00 0.00
1707.77 1.00 0.00
1709.33 1.00 0.00
1729.25 1.00 0.00
1750.56 1.00 0.00
1759.77 1.00 0.00
1766.45 1.00 0.00
1793.01 2.00 0.00
1793.70 1.00 0.00
1795.11 2.00 0.00
1819.66 2.00 0.00
1829.73 1.00 0.00
1859.60 1.00 0.00
1889.13 1.00 0.00
1931.52 1.00 0.00
1943.75 2.00 0.00
1949.55 1.00 0.00
1955.01 2.00 0.00
1964.83 2.00 0.00
