1.15
0.41
1.16
1.37
1.12
0.83
1.52
0.68
1.32
0.87
0.98
0.96
1.41
0.98
1.16
0.72
0.84
1.29
1.29
0.97
1.21
1.18
1.43
1.39
0.69
1.13
1.08
1.14
0.93
1.59
1.16
1.81
1.49
1.15
1.19
1.02
0.60
1.45
1.23
0.94
0.40
0.86
1.05
0.76
0.64
1.01
0.58
0.71
0.58
0.88
1.10
1.01
1.24
0.71
0.58
0.83
1.26
1.22
1.14
1.01
0.74
1.40
1.07
0.87
0.80
0.85
1.07
0.71
1.01
1.23
0.70
0.88
0.79
0.88
0.68
1.14
1.20
0.54
0.64
0.93
0.93
0.75
0.60
1.67
1.08
0.99
1.48
0.65
0.74
0.61
1.36
0.62
1.17
0.89
0.94
0.77
0.72
0.87
0.66
1.23
