14.83 0.00 0.00
15.96 0.00 0.00
14.26 0.00 0.00
16.45 0.00 0.00
12.92 0.00 0.00
15.16 0.00 0.00
14.35 0.00 0.00
19.04 0.00 0.00
12.31 0.00 0.00
18.45 0.00 0.00
14.75 0.00 0.00
18.13 0.00 0.00
11.31 0.00 0.00
18.13 0.00 0.00
18.70 0.00 0.00
22.00 0.00 0.00
13.85 0.00 0.00
15.75 0.00 0.00
14.62 0.00 0.00
18.26 0.00 0.00
11.20 0.00 0.00
14.19 0.00 0.00
17.53 0.00 0.00
18.75 0.00 0.00
13.28 0.00 0.00
16.96 0.00 0.00
19.82 0.00 0.00
10.88 0.00 0.00
23.43 0.00 0.00
15.57 0.00 0.00
20.05 0.00 0.00
14.43 0.00 0.00
17.17 0.00 0.00
19.31 0.00 0.00
13.51 0.00 0.00
13.59 0.00 0.00
21.19 0.00 0.00
13.92 0.00 0.00
20.18 0.00 0.00
17.97 0.00 0.00
8.80 0.00 0.00
13.89 0.00 0.00
18.68 0.00 0.00
13.59 0.00 0.00
19.14 0.00 0.00
21.81 0.00 0.00
16.71 0.00 0.00
14.79 0.00 0.00
16.79 0.00 0.00
17.25 0.00 0.00
10.56 0.00 0.00
14.24 0.00 0.00
17.28 0.00 0.00
15.52 0.00 0.00
18.34 0.00 0.00
15.39 0.00 0.00
20.75 0.00 0.00
13.16 0.00 0.00
12.72 0.00 0.00
16.44 0.00 0.00
20.18 0.00 0.00
15.14 0.00 0.00
12.82 0.00 0.00
14.14 0.00 0.00
18.08 0.00 0.00
18.12 0.00 0.00
17.95 0.00 0.00
17.05 0.00 0.00
15.33 0.00 0.00
17.51 0.00 0.00
15.29 0.00 0.00
13.99 0.00 0.00
17.85 0.00 0.00
17.01 0.00 0.00
14.35 0.00 0.00
11.12 0.00 0.00
15.93 0.00 0.00
21.13 0.00 0.00
14.16 0.00 0.00
15.17 0.00 0.00
21.66 0.00 0.00
17.38 0.00 0.00
13.83 0.00 0.00
16.82 0.00 0.00
15.92 0.00 0.00
16.45 0.00 0.00
15.77 0.00 0.00
16.32 0.00 0.00
18.95 0.00 0.00
14.02 0.00 0.00
15.08 0.00 0.00
18.97 0.00 0.00
14.73 0.00 0.00
15.81 0.00 0.00
17.47 0.00 0.00
18.04 0.00 0.00
14.67 0.00 0.00
18.21 0.00 0.00
19.65 0.00 0.00
15.34 0.00 0.00
